1000
291 141 2809 366 6 156 10
322 904 1837 958 2313 32 9 531 9
366 965 9 291 6
690 772 10 995 1
719 696 1 898 9 925 5672 552 4990 920 4261
823 842 9579 379 9 581 9
908 956 7 328 8 716 10863 823 8803
333 88 1 877 4
516 592 10943 738 3 585 5
124 683 10899 430 1 210 2 318 7042
163 169 8 85 9 430 5033 528 7179
543 548 1160 789 7 832 7
99 69 1 754 2
328 41 8621 112 5449 996 10923 908 3 376 9
698 133 9968 753 10059 689 9 889 1
788 368 2 314 6
532 128 3218 169 9512 113 4937 195 1 549 1
825 871 4 326 1
936 988 8 574 10
114 791 10 204 9
733 120 1123 185 5 953 6
11 83 3221 355 2 751 4
478 816 5788 194 7 143 3
954 75 6176 855 8843 925 7 335 8
866 699 2 786 9 796 2256
21 992 8 851 7
711 428 6 878 4
217 65 4 621 7 232 6964
234 905 10433 967 3 837 8
129 283 7 617 5
528 240 9 497 5 484 9963
588 702 10 994 3
903 449 8 695 10
307 893 9 808 6
422 924 1061 492 2 188 3
639 629 2508 375 1 896 3
930 349 7 260 8
317 266 4 10 5 101 6079
209 860 9983 438 3 279 10 39 3558
623 314 2 702 1 576 3726
463 885 2 576 6 140 3444
177 935 1 706 8 409 7221
462 626 3 432 2 903 4695 965 9017
635 652 1813 914 4 477 6
79 101 2 594 8 47 5008 394 5829 201 5334 447 5951
907 51 8 544 5 471 6440
394 559 4 879 2
357 451 4 800 2
507 813 4611 150 2 718 5
82 691 4 865 2 866 7815
943 327 4 12 8 662 9671
732 199 5 258 4 60 8817
420 428 2470 315 9 779 10
98 861 7 382 7
210 124 2 529 4
1 637 6 567 5 172 9401
192 390 4 969 9
281 865 4960 316 5 168 2
873 134 3 661 4 588 1686
905 473 7 340 9
374 949 6 416 3
572 966 4 483 6
780 453 8 795 5 399 5283
526 821 2997 758 5 911 9
338 616 3589 940 2 910 10
987 503 8031 112 5 43 7
457 665 3253 86 5 296 9 165 3440
599 367 6 363 4
739 762 3097 530 3 481 6 515 4087
759 583 10 723 2
76 535 2 401 6 64 5938
481 951 5751 739 5 761 8
634 509 5378 950 3 989 5
23 18 2772 200 5166 158 7 708 5
353 80 10954 296 9 861 1 668 1277
226 286 5 884 6 454 9043 825 4085
45 70 8 559 1 29 6305
570 3 10 882 2
150 913 10 507 5
401 76 1 108 6 917 9483
632 127 6271 395 3622 36 7786 891 2 223 10
649 214 1 637 6
184 756 8 336 8
377 302 4493 810 2647 372 9444 216 8 720 5
996 879 7561 766 1 133 7
483 632 6986 28 10630 572 1 672 7 244 7096
531 322 9 722 10
620 347 7 405 8 314 4800 158 5918 771 9419
36 851 8 596 3 839 8721
585 533 9372 588 5651 516 4 249 2
62 705 7 587 10
816 745 8038 827 8 689 2 106 1691
775 60 9575 510 8 346 8
461 343 5 126 10 831 6536
738 877 9838 111 2269 605 10 516 9 986 8621
345 248 1 741 8 296 6478
476 593 3 920 7 963 4267
53 700 5202 143 4261 525 7 578 7
643 565 3 253 3
712 857 8780 888 2 663 3
683 58 7 641 6 157 3527 220 8633
844 803 1 488 10 842 2980
576 463 5 441 6
769 154 1185 416 2481 728 7660 627 6 592 8
881 230 2 770 10
39 497 10 101 8 986 9374 554 6870
81 609 5390 125 1 186 2
302 958 7 329 5
104 780 10362 337 10682 551 2 548 2
42 947 6964 332 5 502 5
347 654 5331 745 4 620 7
730 935 3830 736 9564 822 7 539 9
77 490 4150 301 2 913 6
115 600 3 840 9
199 494 9 732 5 727 8335 28 7433 74 6992
37 329 7 388 7
928 288 6 425 5 356 4307
369 266 4192 771 4899 475 2 479 4
971 860 6 38 8 548 10813
465 300 1 590 6 698 2384
181 647 1 218 2
308 713 9 642 6
493 197 8 756 9 377 3216
892 743 1363 139 4404 863 1 200 1
973 921 1 951 9 359 1510 103 7835 809 7634
249 73 2952 585 5 112 5 380 8120
895 748 4370 495 5 119 6
116 243 3 72 6 543 2005
87 869 8403 295 7 384 3
927 981 5 918 5 159 7391
123 774 8 270 10
169 389 4 163 8
663 888 3985 814 4817 712 10 360 1
235 137 2 409 9
447 731 7247 845 10 728 4
675 264 10 606 1
725 331 7214 800 8157 198 8020 635 1207 909 3 95 4
142 38 10 148 2 963 4409
535 175 3 76 6
245 918 2 890 10 922 1039
590 35 1380 465 9 193 1 448 4171
539 730 10 176 5 775 2263
70 411 3819 419 10 45 5 607 1278 220 9633
92 802 8 955 6 182 2703
421 806 10 583 7 297 6696
770 759 3255 881 1 151 10
1000 275 4 83 8
809 799 9352 121 8 17 6
608 120 4 489 4
63 804 4836 912 7 916 8
648 336 1 784 3
803 176 5651 641 5 844 9 471 1620
904 932 6 810 1
434 323 4 838 2
702 623 3 588 5
211 915 6087 878 4 707 9
845 140 8733 309 5953 684 7196 304 8 447 10
449 145 7 903 6
566 387 5162 324 4 843 10
704 147 3 51 9
452 815 3 626 1 518 8517 553 5519 23 5549 257 1271
456 552 5 18 8 724 2014
863 424 6386 365 8 892 3
4 957 4 555 2 832 2933
409 235 9 134 10 867 1099
600 57 5781 413 10 115 1 863 9157 279 3705
670 726 3 96 2 753 7643
178 351 8 802 9
406 671 4 731 4
282 280 6 830 5 139 7806
429 784 9 65 2
221 556 6 967 2
609 72 8994 752 4 885 10 917 8834 33 4870
74 557 5380 615 2 883 6
621 217 9 992 1
799 269 6 571 2
591 920 7 505 5 409 4288
740 401 3290 443 8 970 10
815 817 10 452 10
24 176 9 906 3
247 448 6871 12 1 32 5
310 416 1 977 5
791 466 9 114 4
430 944 2 124 3 266 2514
293 162 9 182 8 195 3169
636 478 9189 105 6 705 5
913 77 5 150 7
403 375 10172 313 5 824 6
761 481 9 968 9
789 300 1524 318 10907 722 10 543 7
15 593 6523 284 3 798 10 512 2131
856 722 10536 541 3 729 9
991 384 9271 915 1550 652 5584 103 10 804 9
255 225 4 2 5 585 7231 56 10343
714 305 2 187 8 756 8170 752 6444
974 233 2349 469 8 283 9
370 408 3945 581 2 202 8
198 989 2445 352 7672 880 6 520 3 286 7510
412 512 3 113 3 791 3613
824 403 10 194 4
874 852 7 232 5
424 455 3 381 3 507 8408 398 7059
148 581 10347 142 9 419 6
364 474 2 625 9 818 2874
489 608 6 306 9
580 200 2746 152 9 155 4
757 657 6 847 8
137 638 7 235 6 15 2130
380 385 3 445 2
418 966 5662 48 5 980 3
454 579 5 212 8
541 915 9 856 10
201 818 3751 187 2171 207 3 361 4
215 13 3 348 9
697 685 1064 95 6 71 4 348 7573
295 395 6 87 4
717 186 10 220 4 553 3127
753 736 2 437 7 163 5562 423 1481
898 719 4 106 4
214 679 9 649 4 609 2755 404 9355
865 82 5 94 10
574 936 6 368 10
252 952 3 350 3
368 574 7 788 10 141 2335
61 260 9 127 7
720 132 6282 377 8 399 6
20 814 9 562 4
267 198 10237 807 5 484 9
382 400 10773 98 5 674 5 227 3808 781 3453
554 719 5554 693 10769 989 9 633 6
435 346 1 616 6
592 552 8343 769 3 533 3
628 98 10457 781 8 130 10
662 444 1514 995 5 519 1
437 753 1 796 6 902 6943 96 8308
764 677 5 485 9
813 96 9 778 3
875 658 2 696 7
975 622 3 660 6 215 6062
154 929 3645 872 8 174 9 764 9771
153 598 2 386 2
696 875 7 719 8 279 10642
264 352 7 675 8
668 674 1 274 7
450 102 3689 764 9919 402 6 693 3 362 6135
754 859 1948 99 3 774 1
811 640 3 688 9
782 953 3 284 10
951 973 3 225 10
517 655 6 536 1 390 7982
610 833 8 313 10
656 432 5 734 7 188 9683
55 303 8 238 7
931 250 5 603 3 785 6872
145 854 1 449 9 580 10970
365 388 4459 937 9 863 10
229 193 5 997 9 213 9378 390 10289
309 792 8 294 10
601 75 1494 573 2 410 10
860 908 9969 509 10 971 6
914 175 5273 557 4976 240 10021 594 7030 646 9 635 5
231 278 6599 652 4 236 2
266 666 8821 318 9 317 4 596 3589
797 258 6 280 10 304 1656 117 1848
473 723 1 905 8 823 3939
688 811 1 498 10
918 927 4 245 4 566 2414
504 736 2621 602 3 940 4 26 2021
323 579 9640 650 10 434 5
54 156 3 956 10
571 799 6 894 4 681 10501
685 316 5010 927 1115 706 9 820 5
814 978 10 20 10
250 358 2 931 9
395 695 10 295 9 989 2676
206 737 8 321 5
546 138 6 237 1
984 241 9 417 4
573 306 4 601 7
296 445 5683 457 3 353 10 207 6399
426 933 3 776 7
960 700 7 491 7
441 576 10 855 9
966 848 7 572 7
488 844 3 455 5 688 6036 392 7439
939 144 5 748 10 317 2209
586 738 7894 518 2 233 7
787 419 1083 57 8 239 6
469 932 4667 582 7 974 8
981 384 8 927 4 147 9728
58 544 7 683 3
841 832 9 400 3
893 788 6608 439 10260 223 9 307 7
400 449 5039 841 8 13 1
59 268 1 627 10 430 5112
795 780 1 819 5 497 2572
752 560 10529 110 3 609 3
924 596 5 183 1
884 672 8249 226 10 297 7 4 7945
956 54 9 908 10
325 468 4 615 3
724 491 2930 536 9 577 4
356 210 9805 777 8 993 4 601 9522
372 480 4 224 2
858 876 1988 515 8535 427 6 613 1
510 707 10 775 6 117 2684 525 9835
193 590 1 229 1 27 1951
458 108 6 276 2 378 9358 424 4998
833 693 6 610 6
781 682 2743 66 1 628 5
804 174 7243 991 4 375 8
567 1 1 392 10
633 531 10307 634 7523 554 10 287 2
749 33 4 285 2
122 115 8661 823 1061 359 4408 133 7 107 8
832 95 3933 543 4 841 8 510 3009
346 775 3 435 7
776 36 5595 426 3 959 4 882 6777
851 450 5638 21 10 36 10
140 751 7 444 4
197 614 7 493 8 307 5830
28 701 7 651 6
519 629 1564 662 4 468 8 308 6837
612 538 2427 999 8745 735 5426 397 6 391 2 276 2261
34 545 2551 20 5890 271 6 272 9 604 3723
425 928 2 378 8 640 4723
362 464 6 501 5 725 4047
371 811 5765 270 4 216 3
433 299 1 446 5
701 961 5 28 7 900 4198
285 179 7861 749 9 988 2 28 1037
410 601 5 575 8
579 419 3056 834 10 454 9
976 289 9 251 5 208 1006 815 8986
678 514 1 664 3 308 4616
765 568 1 958 10
390 589 9 192 4
499 747 7 75 4 193 2974 513 6413
762 472 1065 405 9 525 2 895 5630
681 257 4 842 10 171 8521
748 939 6 383 3 649 3112 161 3862
78 964 5 160 8 381 7671
66 680 6 781 10
779 533 6098 420 2 938 4
8 265 9358 239 8 244 6
503 89 2 986 3 268 3994 889 3960
389 187 4 169 2
94 865 3 922 4
653 663 6433 456 5443 389 9340 877 6 330 3
665 947 10763 604 5 558 10
684 524 9 768 6 803 5511
986 503 4 805 9 962 7202 946 1216
288 174 4 928 5 642 10391
327 832 8398 641 9029 431 1277 761 5629 771 4 943 3 400 3834
529 172 6908 210 2 673 1 428 3633
257 127 8 681 4
988 103 10313 285 4 936 1
56 232 10 565 2
807 985 4 267 6 926 4477
798 15 5 721 9
315 800 9891 657 2089 359 10 420 4
60 127 8550 716 5 88 7
964 750 3 78 5
721 464 5375 798 7 700 1 573 10887
745 383 5 347 7
638 49 8 137 3
673 529 9 146 1
831 360 6 427 9 68 7208
68 411 3 622 3
241 8 1101 325 5306 319 8 984 1 71 1705 619 8892 834 9271
766 256 3 996 2
961 363 10075 102 1 701 4 875 5709
486 363 2 990 9
822 910 9773 136 4 730 10
997 229 3 854 5 323 3719
138 50 6 546 7
617 129 9 117 9
862 663 6802 934 6 26 1 516 9012 253 3011 417 10437
911 526 10 33 2
500 118 7209 135 2937 630 7 929 3 437 5518
694 153 5781 993 10 111 8 794 2817
334 887 8804 983 3 228 10
915 415 10608 692 5 541 10 88 7172
301 613 4 77 5 4 1422
502 42 4 102 1 766 10396
513 498 6803 6 9 210 3332 607 8
536 517 5 724 2
294 309 10 332 9
67 37 8545 886 2 35 1
916 116 6975 63 10 644 9
818 410 3665 833 8753 533 6 584 7
360 971 2350 663 3 831 5
379 423 7 823 6
758 686 5 526 5
5 977 7 972 10
160 78 5 261 9
641 683 3 803 8 326 3858
796 437 3 44 4
859 835 1 52 1 705 1711
220 717 3 464 9
339 100 7 646 4
238 55 3 551 8
89 406 4504 141 4 503 1
84 166 7 909 4
790 573 2584 855 8 777 2
442 808 3 303 7
260 581 9039 930 6 61 7 438 9522
350 99 5018 252 2 595 7
440 64 4470 624 6 131 8
834 768 9 579 6
533 592 4 818 1
947 753 6899 169 2222 979 10 846 9
135 243 10570 744 8 286 2
521 776 4081 76 1329 923 3 158 8 126 1417
108 401 8 458 7
654 129 7605 394 5669 970 1 669 5
840 379 5061 828 3103 182 9174 115 9 256 1
980 418 2 515 2
396 129 3156 611 3 80 1
699 515 9 866 8 685 7093 733 3286 78 8939 282 8698
120 563 8892 367 5106 569 1 608 3
132 111 5 343 4 273 5264 482 1917 904 2731
786 866 7 872 4
279 209 4 891 10
415 922 8 679 4
644 916 7 552 10 986 8435 943 2415
419 148 2 70 4
902 487 3 556 4
820 685 10 726 9
423 171 4076 344 8 379 6 924 3484 71 9883
957 496 10184 274 4 4 3
558 934 1606 665 3 398 6 767 8915
773 326 4 64 5
386 365 1384 153 10 772 7 299 2345 107 6361
839 760 5 311 3
448 922 9891 623 6190 616 7 414 10 129 10893
549 1000 3874 532 5 676 3
538 170 4 744 5 195 3412
979 130 4662 64 9 947 7 95 3739
989 634 3 554 10
968 761 10 785 2
512 897 3 412 4 706 7130
901 789 9669 407 8 268 5
348 867 4680 215 5 923 8
446 433 3 746 4
800 357 1 190 7 28 10292
44 967 10995 796 7 48 4 629 5430
158 602 5086 521 3 23 1
564 263 1860 436 1 300 10 521 10187 989 2380 995 7137
963 156 10230 579 8290 729 8 945 3
297 884 2 29 6
597 977 4153 962 9 553 10
687 619 7 277 7
847 522 6149 757 5 167 10 591 3652
321 206 5 320 2
474 659 8 364 10 535 10136 944 9210
149 667 7 917 2
713 931 10856 83 8 308 4
767 324 6768 11 8197 896 5 105 9 989 7592
272 901 9018 34 7 103 3
899 2 1 941 10
155 974 10369 226 7509 580 6 298 9
6 472 5 513 10
14 271 5916 190 8 349 3
407 140 7667 721 8597 869 7 901 3
552 78 4543 644 10 456 5
810 238 7743 904 5 482 5
593 392 5 476 2
938 346 4047 598 8706 137 7578 779 4 9 3
715 913 8516 557 8 246 1
117 617 9 631 5 902 8494
523 37 8830 484 6 299 7 36 7309
7 584 3977 763 9 367 3 174 1216
912 155 6512 302 6038 618 7 63 4
385 28 1880 127 6772 547 2 380 6
949 114 5691 947 6338 524 10372 179 9 374 1
498 688 5 351 2
760 368 6060 93 4 839 7
783 882 9 534 10 589 2633
894 571 10 868 2
157 629 6 49 4
223 632 3 893 3
336 184 5 648 3
846 947 6 827 10
102 502 8 961 5 191 3016 402 1628
626 452 2 462 7
985 327 8656 43 3 807 8
581 823 9 370 4 356 6813
90 867 9 475 8
75 499 6 817 3 26 10439
514 424 2486 72 4 678 8
93 266 6711 606 2 760 9
52 895 2406 859 9 342 7
319 27 7 241 8
277 687 1 853 7
561 496 8 582 3 799 9646 134 5807
645 46 6 983 6 557 4095
343 132 7 461 7
852 166 1705 994 4 874 4 591 10373 134 8262 17 10356
977 489 3859 310 5 5 2
614 26 2 197 1
848 330 5 966 5
972 952 7940 5 10 47 4
466 492 6802 578 9 791 9
544 907 7 58 5 732 6507
664 678 4 560 8
827 753 7762 846 9 816 10
276 458 2 658 6
596 36 1 924 2
189 374 7615 923 1986 292 4 180 6
109 24 4080 323 7208 342 8 480 4
562 4 7831 20 8 864 1 480 9794
216 887 10677 371 3 377 3
485 764 5 652 8 50 3527
677 338 1243 442 1110 548 2 764 3
105 767 1 636 4
950 881 3437 676 9 634 1
999 391 1 518 8
515 576 8241 980 9 699 9 262 7760
784 648 4 429 6
83 1000 3 713 5
511 298 1183 336 8880 837 8 100 6
470 459 6 563 6 465 6574
522 171 4 849 9 381 5125
611 467 8 396 2
888 40 6 712 6
734 656 5 897 10 575 3317 448 7763
298 301 9702 550 1349 155 9 265 2
727 998 3 397 9 177 4874
598 730 2263 191 9 153 10 383 4869
801 501 10 630 7
805 986 2 496 9
73 25 4 312 3
205 320 1 128 5
962 16 4 597 9
583 421 9 759 1
9 938 9 737 3
689 816 9 698 3
826 778 3062 460 5 557 2
955 92 9 404 8 948 2648
196 544 8305 161 1 686 10 445 4725 513 2299
900 311 7 919 5 633 2973
722 531 1 789 5
941 899 7 219 2 920 6385
101 39 2 79 7
172 253 8562 371 5503 279 1998 506 10
750 560 5 964 7 95 4112
534 783 2 144 1 830 4234
71 697 7 359 7
520 736 2627 198 5 3 6 772 6850 243 9662 329 8113
584 554 5813 818 9 605 5
794 545 2 629 5 708 1613 121 1073
812 146 5 173 4 278 5810
13 940 6676 400 3 215 1
174 154 1 288 5
619 398 5878 948 3 687 6
669 654 10 937 5
131 440 4 666 2 716 1024
283 974 7 129 2
254 849 8339 785 4 771 3
236 231 3 413 2
716 537 1 60 4 664 7108
945 963 2 998 1 519 2730 95 8113
16 502 6510 260 5878 165 6 962 2
69 606 6600 862 10415 708 10 99 9
106 898 5 836 4 15 1121
361 201 3 671 3
821 728 6 40 5
890 245 7 747 4
772 386 3 690 3 219 5977 229 5155
853 277 3 271 8
883 74 9 243 10
176 539 5 24 8 234 8292 746 9498
990 486 8 269 5 483 1175
642 703 10111 308 8 925 7
613 709 7596 858 2 301 9
383 748 3 745 9
331 398 3 829 5
233 356 1016 586 8 354 5
25 335 10 73 8
509 113 10 860 5 524 7156
103 272 4 991 3
842 681 1 542 6 532 1543 591 3263
471 337 1 867 3
921 838 4 973 6
180 686 10656 189 1 118 3
706 177 4 685 1 13 10183 312 4440
121 259 1 809 8
165 28 5382 47 1 16 6
933 784 1359 551 1629 222 7 426 10
146 812 8 673 4929
920 476 6 591 5
312 73 9 443 1
676 290 6630 202 10380 156 4006 549 1 950 7 499 8932
134 409 7 873 7
349 14 8 930 10 340 2339
568 31 3056 883 9798 553 4 765 1
207 188 4 201 10 976 4723
300 564 2 465 4
367 7 3 599 6 898 6684 515 8356
946 563 8 494 1 157 1039
194 824 7 478 6
978 555 8 814 8
746 29 10627 852 5596 446 4 242 6
170 740 5086 173 9 538 10
125 237 6 81 5
185 741 9733 290 8263 119 5 733 6
48 44 7 418 9
17 809 8 467 4 831 1854
253 643 6 870 9
373 915 9587 829 8 27 4 598 4745
26 572 7256 862 5 614 7 448 5602 756 6201
885 609 8 463 3
118 767 8896 180 10 439 6
179 647 10404 477 8 949 2
306 489 6 573 4
311 537 10664 839 3 900 4
872 786 3 154 5 201 6288
269 990 4 799 9 224 5160
540 266 8005 508 7 492 6 612 5182 220 8058
876 830 8 411 3 621 10873
171 445 9 522 2 873 10384 903 1360
618 942 4 912 6
792 904 6795 594 10 309 2
829 331 9 373 7
188 422 5 207 6
768 684 9 834 10
268 182 4488 901 6 59 9
239 337 3254 787 5 8 5
550 762 5872 399 7 680 1
693 292 6049 450 10 833 7 269 6414
273 710 5 290 4 225 7741 442 8309
225 951 8 255 7 729 1047 479 2166 708 1720
582 294 10669 561 10 469 10 368 8695
659 431 10 474 4 238 8013
506 194 10643 218 3726 792 2704 439 5 172 5
850 263 4 408 8 169 7679
855 441 7 790 9 89 3732
164 203 7 537 10
240 177 9934 870 7 528 5 408 10336
384 158 2401 87 5 981 1 801 7063
751 11 2 140 1
577 724 8 344 9 673 5863 165 2360 728 1600
162 709 8 293 9 201 3730 609 4955 387 5363
175 868 2 535 7
167 847 7 527 3 765 10699 25 2069
428 828 5 711 5 494 9056
965 778 6 366 7
191 393 8128 661 8 598 4 94 2290 559 7967
708 399 7169 610 3055 23 7 69 6
505 591 2 147 3 705 9468
443 312 5 740 7
661 627 8573 873 9 191 6 300 1003 856 8763
156 227 10688 472 2201 291 8 54 6
97 595 2 30 5 592 9836
548 104 6 677 9
640 542 10 811 9
703 482 7 262 4 177 8724
19 41 10 682 6 595 3124
303 442 8 55 1
666 131 1 305 9 664 7763
756 493 3 184 10 757 3484 250 2656 423 3577
110 408 6 752 2 207 9388
464 220 7 362 8 453 9320 710 1422 405 5100
316 67 7182 587 9 281 5 289 7242
475 995 7546 495 8436 90 5 369 3
587 62 6 316 6
695 903 7 395 6
878 753 1265 711 3 211 3 414 10959
96 670 9 813 2
213 388 8 292 4
560 664 8 750 1 189 3190
707 352 10888 211 1 510 6
41 202 3 19 4
817 75 4 815 4 874 7491
33 911 5 749 10
2 288 10889 255 8 899 8 177 8106 452 6410
22 942 5089 919 6 667 6
674 502 5179 4 2899 382 9 668 5 445 1334
691 251 5 82 7 242 10722
86 682 1 457 9 427 9707
843 566 6 934 8 446 10226
993 912 6167 356 8 694 1 180 3968 260 1262
414 448 7 355 9
355 152 1833 46 4994 414 8 11 5 407 10661
451 35 10 357 7
603 931 4 453 6
867 471 5 90 5
363 599 2 486 3
998 293 1718 945 3 727 2
286 135 9 226 7 884 1237 510 4844 231 1302
877 333 6 653 10 755 8814
556 902 7 221 1
244 8 8 569 2
680 550 1 66 5 615 8653
952 43 10870 864 9 252 9 569 10895 309 1983
256 582 7068 840 6 766 10
557 826 2 715 9 899 1346
925 642 2 954 6
926 825 1911 80 1 438 1
492 540 9 422 1
404 955 7 524 8 494 10958 180 2241
953 521 10254 351 5532 733 10 782 9
340 977 8642 204 10120 905 10 402 1
388 37 4 213 5
569 244 8 120 8
622 68 3 975 5 944 6979 308 7870
869 963 4602 168 3 407 3
392 567 7 593 2
408 850 3 110 6
261 160 10 880 2
10 317 2 806 10
219 2 1584 680 6102 941 10 736 10 896 3424
657 431 6814 672 9 757 6
774 754 6 123 7
705 636 4 62 10
735 876 5522 200 10 932 6
287 385 4313 147 2119 932 3743 633 3 530 6
280 786 5179 797 10 282 4 737 8983
342 52 8 109 10
494 946 3 199 5 208 3635 392 1262
819 795 2 624 6 115 9874
709 290 1 162 3
923 404 2773 348 5 521 2 552 6570
100 357 1734 511 4 339 8
830 282 10 876 8
432 462 9 656 9
744 200 5556 538 6 135 5 819 4287 387 10349
793 631 3 655 4
190 28 5147 800 1 14 1 954 2920 966 8611
50 218 2 138 5
275 479 8 1000 2
168 500 3269 281 10 869 2 217 1168 880 1960
525 762 5 53 3 910 9528
647 755 5 181 3
723 759 4 473 10
929 500 2 460 8
729 856 10 963 1
992 621 10 21 2 723 6218
397 727 5 612 9 613 6622
151 770 3 387 7 106 8992 528 10515
595 350 5 97 7
637 649 10 1 1 600 3943
30 960 3320 97 8 227 3
969 192 8 263 5 653 2189 190 7461
381 424 3 341 10 460 5330 847 8242
438 63 8986 926 3 209 8
270 835 3822 16 7092 955 7845 123 5 371 4 931 2369
64 773 2 979 9 944 6375
563 470 2 946 5
399 720 2 550 10
982 696 8417 913 6751 224 6 230 6
113 412 10 509 3 612 2692 49 6727
111 694 5 132 5
484 656 3411 267 6 523 2
136 974 1317 486 1393 857 4 822 8 905 5059
159 660 2 139 2 861 3246
417 984 6 887 6 88 3701
629 467 2479 794 9 157 3 984 5277
186 161 4636 81 3 717 9 429 7780
771 803 4378 254 9 327 2
351 498 4 178 10 543 7943 107 6513 376 1119
445 380 4 171 10
85 163 2 742 3
940 504 7 338 3
460 929 1 826 5
589 879 9760 29 9 390 9
107 403 5358 122 1 166 7 409 7602
482 809 10431 975 7183 810 10 703 2
602 204 5 504 5
119 895 3 185 7
228 334 8 431 6
320 80 6066 321 2 205 8
652 414 1829 485 5 231 3
49 157 2 638 4 188 10974
200 419 4683 892 1 735 7
284 782 4 15 4
359 71 2 315 8
994 852 3 588 6035
248 490 6 345 1
341 381 4 436 8 996 10862 87 2983
431 83 2593 228 9 659 10
496 805 9 561 5
161 91 9 196 3 98 1048
605 584 8 738 5
299 845 4006 523 5 433 9
387 217 3880 151 8 871 4
682 19 2 86 4
143 693 2006 478 6 857 1
932 735 10 904 2 593 8440 355 9719
553 597 2 568 8
919 154 1627 77 6488 900 1 22 5
995 690 3 662 8
133 18 10829 996 9 122 9
871 185 8761 387 7 825 9
208 979 4923 781 6846 262 10 393 3
854 210 8775 997 1 145 2
710 742 1 273 9 397 8168
47 972 5 165 9
195 917 3 532 1
35 604 7807 67 7 451 6 58 5900 932 3999
480 179 6449 786 1662 109 8 372 1 961 7727 92 6814
655 793 5 517 2
376 328 2 337 9
849 522 9 46 10
882 570 5 783 6 74 10714 430 3610
27 802 9044 373 10 319 2
726 820 2 670 3
806 10 2 421 9
173 812 3 170 7 306 3182 803 4646
203 62 8420 741 10 164 1 835 3668 31 10070
314 788 7 623 1
551 808 7961 959 7909 238 10 104 9 181 8449
335 233 9961 954 7 25 4
378 425 5 545 4
439 248 4864 118 2 506 1
537 248 2947 164 5 716 4 351 3393
785 867 4642 319 1938 677 10593 968 1 254 8 525 5354
808 647 6175 307 6 442 10
959 405 7086 776 9 948 2 914 6855
139 159 4 358 6 530 7084 232 6160
630 801 9 500 7
313 610 6 403 4
889 698 10 755 4
731 406 2 692 1
958 277 9852 765 4 302 6
477 614 9152 635 5 179 10
578 53 2 466 8 331 8251
651 989 5625 28 7 324 5 630 5835 999 1198
344 859 10308 577 8 423 5 446 4654
495 607 8 895 6
742 85 8 710 2
18 456 4 472 4 883 7695
427 873 8103 831 9 858 6
490 354 9 248 1
864 562 2 952 10
398 558 9 331 8
126 237 7297 461 9 743 1
144 534 10 939 7
700 454 6359 721 5 960 2
530 287 1 739 8
917 149 9 195 3
141 625 5 89 9
258 732 4 797 5 557 3707
232 874 8 56 4
468 711 4815 761 2811 519 7 325 1
743 126 4 650 9 373 2122
444 388 6527 140 9 278 7
615 325 3 74 7 498 4001
227 394 10051 30 6 508 3
501 321 9245 578 5558 362 5 801 4 635 8425
935 867 1642 387 7733 128 7 177 1
479 155 1891 699 6840 369 6 275 5
937 521 10570 835 7468 669 10 365 7
970 407 4774 42 3065 740 8 654 5
391 612 2 999 6 256 8978
627 59 1 769 10 333 10294
944 183 1 430 2 865 5760
948 959 10 619 6
290 273 2 709 8
354 233 7 490 1
741 875 4115 345 9 203 2
891 930 8999 279 1 632 6
95 728 4022 725 2 697 1
416 869 1889 374 8 310 5
242 746 6 57 9
886 879 10 67 5 545 3692 754 2673 815 9537
274 256 3786 668 6 957 6 635 8183
375 789 8512 804 5 639 8
436 341 8 564 6
51 704 6 907 4
747 890 9 499 9
259 887 4 121 7
778 802 10895 813 9 965 3
837 234 9 511 5
887 417 3 259 1
246 715 8 942 6
524 404 5 684 1
671 490 3685 361 5 406 4
838 531 8327 828 2446 434 9 921 8 388 3733
152 520 4073 31 6 580 5
183 924 4 944 7 14 1216 969 10822
278 444 10 604 1
88 60 5 333 5
547 284 9067 910 5 385 5
672 449 3458 516 7353 483 5 657 5
728 447 8 821 2
128 205 6 935 9
222 430 7575 491 5 933 3
686 196 6 758 3 498 9946
942 84 7665 486 10816 246 10 618 5 103 8505
326 825 6 773 10
922 224 9902 94 4 415 4
453 603 7 780 9 789 5721
575 410 6 31 1
91 212 1 161 5
230 982 8 881 7
289 182 1 976 5 652 8855 459 9641
880 261 4 198 2
402 35 8278 340 10 450 1
12 474 2625 943 8 247 3
40 821 4 888 1 536 8294
658 276 7 875 4 39 8382
737 537 8953 248 2585 820 10918 9 6 206 8
127 61 9 257 7 479 5384
212 454 1 91 4 583 9606
318 718 6 266 10
405 419 10501 620 10 762 8
508 227 9 540 4
624 819 1 440 3 789 6906 411 9779 979 2395
679 415 10 214 1
332 294 5 42 5 401 10830
3 520 1 570 7
527 167 6 304 8 82 10685
857 143 5 136 7
147 505 10 704 5
187 714 10 389 3
330 653 1 848 9
835 906 1 859 8
32 954 6071 247 10 322 2
910 338 1 547 5
559 45 8 394 1 547 8470
631 117 6 793 9 685 7134
718 507 4 318 9
870 253 8 240 4 882 8753
243 114 4411 883 6 116 6 246 2370
251 976 7 691 3 280 10588
646 433 9760 339 5 914 2 224 9587
46 849 2 645 3
352 133 9178 393 7 264 4
65 204 7061 429 5 217 5
802 178 8 92 5 139 5302 332 5482 179 5277
38 971 6 142 5 850 2541 517 6282
455 697 6419 346 6398 488 8 424 7 566 4471
292 213 3 189 5
736 219 10 753 1
763 7 4
413 22 6608 233 9270 792 9330 236 9 600 7
329 935 5806 302 6 37 9
625 364 3 141 1
692 731 6 915 10
237 546 9 125 5
29 297 1 589 6 1000 1954
304 527 7 845 2
518 146 2981 999 7 586 2
604 278 3 665 3 332 3339
650 743 5 323 6 594 2256
967 221 8 234 7
324 651 4 566 10 59 1504
467 17 2 611 1
836 106 1 459 9 175 5783
861 698 9387 353 2 98 8
80 138 7183 859 2906 396 9 926 4
660 975 5 159 9
755 889 9 647 10 58 9045
777 790 5 356 1 628 6983
909 674 4159 57 3600 84 9 725 9
868 894 10 175 10 5 3553
130 807 1828 272 8383 22 1908 628 1 487 1
271 853 4 34 5
487 522 4332 85 7874 95 5622 130 2 902 9
265 298 10 828 10 840 6116
555 4 1 978 10
358 139 8 250 6
606 675 1 93 2
31 247 5694 575 8 152 9 424 1344
472 550 7462 18 9 6 9
594 79 9 792 3
262 308 5961 703 6 208 7
182 293 3 289 1 956 9249
934 843 6 862 8 569 1571
542 842 5 640 6 47 3250 648 9692
411 876 8 68 8 463 8426 309 2703 208 4535 188 2406
828 265 4 428 6
204 729 3388 114 3 602 10 212 6085
305 666 5 714 8 243 3792
202 370 2 41 9 362 9750
218 181 1 50 5 814 6059
224 372 2 982 8 693 2928
906 24 2 835 1
667 22 9 149 4
166 107 1 84 7
112 249 10 987 8
263 958 2135 969 5 850 8 195 8684
497 528 9 39 2 453 3957
565 56 10 643 10
72 116 4 514 4
983 645 6 334 6
337 615 3016 852 4809 376 9 471 7
545 378 7 794 6 688 10731 173 10826
393 294 6588 208 6 352 9
491 208 7091 148 4893 960 10 222 6
43 458 10470 358 7032 631 10735 987 4 985 7
616 574 4054 183 10184 579 4405 435 9 448 10
897 734 7 512 5 786 5963
459 836 4 470 6
896 639 2 767 9
607 336 5284 513 5 495 10
879 533 7454 394 3 886 4 519 6626 877 4891 688 10073
57 242 1 787 4
